version https://git-lfs.github.com/spec/v1
oid sha256:20501a7d6a053dd4dfe2802c4b6d901b15c01abbf9e8c79a024bee1a17477568
size 604
